TICKER: 7203.T
trades: 17
win_rate: 0.7647058823529411
avg_return: 0.015674934065357502
total_return: 0.2927678076900866

TICKER: 6857.T
trades: 39
win_rate: 0.8717948717948718
avg_return: 0.018832483163245428
total_return: 1.0429200239122465

TICKER: 8306.T
trades: 28
win_rate: 0.6428571428571429
avg_return: 0.00849998611065523
total_return: 0.2595790474119595

TICKER: 9984.T
trades: 22
win_rate: 0.7272727272727273
avg_return: 0.020830449410131555
total_return: 0.5607279459387571